0 1 0.734
1 1 0.775
2 1 0.757
3 1 0.149
4 1 0.302
5 1 0.327
6 1 0.223
7 1 0.307
8 1 0.329
9 1 0.299
10 1 0.318
11 1 0.313
12 1 0.322
13 1 0.311
14 1 0.755
15 1 0.28
16 1 0.772
17 1 0.778
18 1 0.326
19 1 0.3
20 1 0.777
21 1 0.314
22 1 0.765
23 1 0.832
24 1 0.82
25 1 0.349
26 1 0.774
27 1 0.76
28 1 0.851
29 1 0.755
30 1 0.79
31 1 0.782
32 1 0.774
33 1 0.309
34 1 0.843
35 1 0.842
36 1 0.295
37 1 0.159
38 1 0.172
39 1 0.289
40 1 0
41 1 0
42 1 0
43 1 0
44 1 0
45 1 1
46 1 1
47 1 1
48 1 0
49 1 0
50 1 0
51 1 0
52 1 0
53 1 0
54 1 1
55 1 1
56 1 1
57 1 0
58 1 0
59 1 0
60 1 0
61 1 1
62 1 1
63 1 1
64 1 1
65 1 1
66 1 1
67 1 1
68 1 1
69 1 1
70 1 0
71 1 0
72 1 0
73 1 1
74 1 1
75 1 0
76 1 1
77 1 0
78 1 0
79 1 1
81 1 0.67
83 1 0.651
84 1 0.636
85 1 0.641
86 1 0.628
87 1 0.626
88 1 0.695
91 1 0.694
92 1 0.687
93 1 0.703
94 1 0.602
95 1 0.625
96 1 0.621
97 1 0.647
102 1 0.721
105 1 0.701
106 1 0.641
107 1 0.612
108 1 0.702
110 1 0.631
111 1 0.638
112 1 0.728
113 1 0.632
114 1 0.695
115 1 0.674
116 1 0.703
117 1 0.678
118 1 0.673
119 1 0.624
120 1 0.675
121 1 0.647
123 1 0.624
125 1 0.613
126 1 0.691
127 1 0.714
128 1 0.677
129 1 0.692
130 1 0.695
131 1 0.646
132 1 0.681
133 1 0.665
136 1 0.622
137 1 0.616
138 1 0.624
139 1 0.624
142 1 0.612
143 1 0.649
144 1 0.617
145 1 0.654
146 1 0.692
147 1 0.674
148 1 0.642
149 1 0.675
150 1 0.616
151 1 0.698
152 1 0.69
153 1 0.65
154 1 0.698
155 1 0.688
156 1 0.693
157 1 0.668
158 1 0.686
159 1 0.631
