0 1 0.814
1 1 0.803
2 1 0.903
3 1 0.908
4 1 0.417
5 1 0.803
6 1 0.816
7 1 0.799
8 1 0.377
9 1 0.801
10 1 0.34
11 1 0.377
12 1 0.83
13 1 0.808
14 1 0.377
15 1 0.248
16 1 0.811
17 1 0.809
18 1 0.373
19 1 0.259
20 1 0.168
21 1 0.184
22 1 0.816
23 1 0.382
24 1 0.399
25 1 0.372
26 1 0.382
27 1 0.824
28 1 0.803
29 1 0.839
30 1 0.377
31 1 0.199
32 1 0.9
33 1 0.818
34 1 0.404
35 1 0.791
36 1 0.359
37 1 0.819
38 1 0.814
39 1 0.385
40 1 0.81
41 1 0.366
42 1 0.81
43 1 0.174
44 1 0.878
45 1 0.816
46 1 0.899
47 1 0.382
48 1 0.821
49 1 0.358
50 1 0.397
51 1 0.361
52 1 0.797
53 1 0.28
54 1 0.388
55 1 0.828
56 1 0.816
57 1 0.847
58 1 0.382
59 1 0.148
60 1 0.37
61 1 0.347
62 1 0.83
63 1 0.832
64 1 0.905
65 1 0.4
66 1 0.865
67 1 0.825
68 1 0.419
69 1 0.783
70 1 0.161
71 1 0.288
72 1 0.377
73 1 0.264
74 1 0.38
75 1 0.358
76 1 0.824
77 1 0.81
78 1 0.824
79 1 0.392
80 1 0.906
81 1 0.804
82 1 0.377
83 1 0.599
84 1 0.826
85 1 0.831
86 1 0.378
87 1 0.835
88 1 0.389
89 1 0.815
90 1 0.81
91 1 0.898
92 1 0.38
93 1 0.163
94 1 0.406
95 1 0.38
96 1 0.156
97 1 0.83
98 1 0.834
99 1 0.367
100 1 0.373
101 1 0.832
102 1 0.379
103 1 0.378
104 1 0.409
105 1 0.791
106 1 0.827
107 1 0.176
108 1 0.889
109 1 0.364
110 1 0.864
111 1 0.813
112 1 0.87
113 1 0.366
114 1 0.815
115 1 0.789
116 1 0.816
117 1 0.894
118 1 0.826
119 1 0.376
120 1 0.866
121 1 0.403
122 1 0.361
123 1 0.256
124 1 0.826
125 1 0.374
126 1 0.85
127 1 0.373
128 1 0.841
129 1 0.374
130 1 0.378
131 1 0.809
132 1 0.389
133 1 0.395
134 1 0.896
135 1 0.811
136 1 0.82
137 1 0.818
138 1 0.803
139 1 0.367
140 1 0.82
141 1 0.365
142 1 0.815
143 1 0.365
144 1 0.384
145 1 0.825
146 1 0.168
147 1 0.161
148 1 0.82
149 1 0.832
150 1 0.806
151 1 0.822
152 1 0.831
153 1 0.39
154 1 0.385
155 1 0.891
156 1 0.862
157 1 0.829
158 1 0.355
159 1 0.875
160 1 0.353
161 1 0.415
162 1 0.817
163 1 0.381
164 1 0.818
165 1 0.376
166 1 0.157
167 1 0.169
168 1 0.804
169 1 0.909
170 1 0.826
171 1 0.38
172 1 0.28
173 1 0.365
174 1 0.827
175 1 0.796
176 1 0.351
177 1 0.367
178 1 0.799
179 1 0.821
180 1 0.807
181 1 0.889
182 1 0.365
183 1 0.388
184 1 0.798
185 1 0.796
186 1 0.811
187 1 0.371
188 1 0.878
189 1 0.372
190 1 0.354
191 1 0.808
192 1 0.832
193 1 0.386
194 1 0.794
195 1 0.816
196 1 0.386
197 1 0.808
198 1 0.361
199 1 0.887
200 1 0.385
201 1 0.806
202 1 0.385
203 1 0.381
204 1 0.367
205 1 0.833
206 1 0.358
207 1 0.828
208 1 0.376
209 1 0.374
210 1 0.358
211 1 0.373
212 1 0.35
213 1 0.811
214 1 0.257
215 1 0.398
216 1 0.799
217 1 0.369
218 1 0.817
219 1 0.383
220 1 0.831
221 1 0.385
222 1 0.792
223 1 0.824
224 1 0.9
225 1 0.82
226 1 0.382
227 1 0.385
228 1 0.84
229 1 0.829
230 1 0.817
231 1 0.395
232 1 0.402
233 1 0.822
234 1 0.825
235 1 0.814
236 1 0.349
237 1 0.399
238 1 0.814
239 1 0.901
240 1 0.8
241 1 0.812
242 1 0.897
243 1 0.903
244 1 0.412
245 1 0.801
246 1 0.397
247 1 0.803
248 1 0.385
249 1 0.377
250 1 0.824
251 1 0.81
252 1 0.374
253 1 0.367
254 1 0.826
255 1 0.802
256 1 0.8
257 1 0.155
258 1 0.891
259 1 0.814
260 1 0.38
261 1 0.904
262 1 0.39
263 1 0.345
264 1 0.869
265 1 0.817
266 1 0.892
267 1 0.375
268 1 0.837
269 1 0.377
270 1 0.26
271 1 0.887
272 1 0.803
273 1 0.829
274 1 0.799
275 1 0.399
276 1 0.352
277 1 0.375
278 1 0.825
279 1 0.383
280 1 0.364
281 1 0.798
282 1 0.815
283 1 0.824
284 1 0.828
285 1 0.38
286 1 0.895
287 1 0.381
288 1 0.382
289 1 0.404
290 1 0.384
291 1 0.163
292 1 0.799
293 1 0.388
294 1 0.821
295 1 0.822
296 1 0.382
297 1 0.371
298 1 0.819
299 1 0.832
300 1 0.367
301 1 0.401
302 1 0.394
303 1 0.81
304 1 0.812
305 1 0.819
306 1 0.894
307 1 0.8
308 1 0.826
309 1 0.824
310 1 0.378
311 1 0.797
312 1 0.807
313 1 0.813
314 1 0.371
315 1 0.824
316 1 0.8
317 1 0.164
318 1 0.353
319 1 0.796
320 1 0.386
321 1 0.394
322 1 0.384
323 1 0.82
324 1 0.829
325 1 0.818
326 1 0.811
327 1 0.799
328 1 0.387
329 1 0.167
330 1 0.862
331 1 0.827
332 1 0.167
333 1 0.252
334 1 0.901
335 1 0.38
336 1 0.818
337 1 0.36
338 1 0.155
339 1 0.392
340 1 0.169
341 1 0.395
342 1 0.813
343 1 0.382
344 1 0.828
345 1 0.177
346 1 0.382
347 1 0.82
348 1 0.386
349 1 0.812
350 1 0.83
351 1 0.833
352 1 0.373
353 1 0.406
354 1 0.395
355 1 0.347
356 1 0.377
357 1 0.367
358 1 0.372
359 1 0.8
360 1 0.896
361 1 0.365
362 1 0.375
363 1 0.369
364 1 0.373
365 1 0.833
366 1 0.387
367 1 0.828
368 1 0.352
369 1 0.831
370 1 0.801
371 1 0.851
372 1 0.386
373 1 0.842
374 1 0.372
375 1 0.354
376 1 0.802
377 1 0.177
378 1 0.903
379 1 0.898
380 1 0.847
381 1 0.345
382 1 0.886
383 1 0.878
384 1 0.804
385 1 0.402
386 1 0.407
387 1 0.835
388 1 0.383
389 1 0.845
390 1 0.15
391 1 0.832
392 1 0.386
393 1 0.908
394 1 0.402
395 1 0.383
396 1 0.377
397 1 0.82
398 1 0.823
399 1 0.399
400 1 1
401 1 0
402 1 0
403 1 1
404 1 1
405 1 0
406 1 1
407 1 1
408 1 0
409 1 1
410 1 0
411 1 1
412 1 1
413 1 1
414 1 0
415 1 1
416 1 1
417 1 0
418 1 1
419 1 1
420 1 0
421 1 1
422 1 1
423 1 0
424 1 0
425 1 0
426 1 1
427 1 1
428 1 1
429 1 0
430 1 0
431 1 0
432 1 0
433 1 0
434 1 0
435 1 1
436 1 1
437 1 0
438 1 0
439 1 0
440 1 0
441 1 0
442 1 1
443 1 0
444 1 1
445 1 0
446 1 0
447 1 1
448 1 0
449 1 1
450 1 0
451 1 0
452 1 0
453 1 0
454 1 1
455 1 1
456 1 1
457 1 0
458 1 1
459 1 1
460 1 1
461 1 1
462 1 0
463 1 1
464 1 1
465 1 1
466 1 0
467 1 1
468 1 1
469 1 0
470 1 0
471 1 0
472 1 1
473 1 1
474 1 0
475 1 1
476 1 1
477 1 0
478 1 0
479 1 0
480 1 0
481 1 1
482 1 1
483 1 1
484 1 0
485 1 0
486 1 0
487 1 0
488 1 0
489 1 0
490 1 1
491 1 0
492 1 1
493 1 0
494 1 1
495 1 0
496 1 1
497 1 0
498 1 0
499 1 0
500 1 1
501 1 1
502 1 1
503 1 1
504 1 0
505 1 1
506 1 0
507 1 0
508 1 1
509 1 1
510 1 1
511 1 1
512 1 1
513 1 0
514 1 0
515 1 1
516 1 1
517 1 1
518 1 1
519 1 1
520 1 1
521 1 0
522 1 1
523 1 1
524 1 0
525 1 0
526 1 0
527 1 0
528 1 0
529 1 1
530 1 1
531 1 1
532 1 1
533 1 1
534 1 0
535 1 1
536 1 0
537 1 1
538 1 1
539 1 0
540 1 0
541 1 0
542 1 1
543 1 0
544 1 0
545 1 1
546 1 1
547 1 1
548 1 0
549 1 1
550 1 0
551 1 1
552 1 0
553 1 1
554 1 1
555 1 0
556 1 1
557 1 0
558 1 1
559 1 0
560 1 0
561 1 0
562 1 1
563 1 0
564 1 1
565 1 1
566 1 0
567 1 0
568 1 0
569 1 1
570 1 0
571 1 1
572 1 1
573 1 1
574 1 1
575 1 1
576 1 1
577 1 1
578 1 1
579 1 1
580 1 0
581 1 1
582 1 1
583 1 0
584 1 1
585 1 0
586 1 0
587 1 0
588 1 1
589 1 1
590 1 1
591 1 1
592 1 0
593 1 1
594 1 0
595 1 0
596 1 1
597 1 1
598 1 1
599 1 1
600 1 1
601 1 1
602 1 0
603 1 0
604 1 1
605 1 0
606 1 1
607 1 1
608 1 1
609 1 1
610 1 0
611 1 1
612 1 0
613 1 1
614 1 1
615 1 1
616 1 0
617 1 1
618 1 1
619 1 0
620 1 0
621 1 0
622 1 0
623 1 0
624 1 0
625 1 0
626 1 1
627 1 1
628 1 1
629 1 1
630 1 0
631 1 0
632 1 0
633 1 1
634 1 1
635 1 0
636 1 1
637 1 0
638 1 1
639 1 1
640 1 1
641 1 1
642 1 0
643 1 0
644 1 0
645 1 0
646 1 0
647 1 1
648 1 1
649 1 0
650 1 1
651 1 1
652 1 1
653 1 0
654 1 0
655 1 1
656 1 1
657 1 1
658 1 0
659 1 1
660 1 0
661 1 0
662 1 0
663 1 1
664 1 0
665 1 1
666 1 0
667 1 0
668 1 0
669 1 0
670 1 0
671 1 1
672 1 1
673 1 1
674 1 1
675 1 1
676 1 1
677 1 0
678 1 1
679 1 1
680 1 1
681 1 1
682 1 0
683 1 0
684 1 0
685 1 0
686 1 1
687 1 0
688 1 0
689 1 1
690 1 1
691 1 0
692 1 0
693 1 1
694 1 1
695 1 0
696 1 0
697 1 0
698 1 1
699 1 1
700 1 1
701 1 0
702 1 0
703 1 0
704 1 1
705 1 0
706 1 1
707 1 1
708 1 0
709 1 1
710 1 0
711 1 0
712 1 1
713 1 1
714 1 1
715 1 0
716 1 0
717 1 1
718 1 0
719 1 1
720 1 1
721 1 1
722 1 1
723 1 1
724 1 0
725 1 0
726 1 1
727 1 0
728 1 1
729 1 0
730 1 0
731 1 0
732 1 0
733 1 0
734 1 1
735 1 1
736 1 1
737 1 1
738 1 1
739 1 0
740 1 0
741 1 0
742 1 0
743 1 0
744 1 1
745 1 1
746 1 0
747 1 1
748 1 1
749 1 0
750 1 0
751 1 1
752 1 1
753 1 1
754 1 0
755 1 0
756 1 0
757 1 0
758 1 1
759 1 0
760 1 1
761 1 0
762 1 1
763 1 0
764 1 0
765 1 0
766 1 1
767 1 1
768 1 1
769 1 0
770 1 0
771 1 0
772 1 1
773 1 1
774 1 0
775 1 0
776 1 0
777 1 0
778 1 1
779 1 0
780 1 0
781 1 0
782 1 0
783 1 0
784 1 1
785 1 1
786 1 1
787 1 0
788 1 1
789 1 1
790 1 0
791 1 0
792 1 1
793 1 0
794 1 1
795 1 1
796 1 1
797 1 0
798 1 1
799 1 0
800 1 0.696
801 1 0.676
802 1 0.672
803 1 0.606
804 1 0.593
805 1 0.624
806 1 0.588
807 1 0.611
808 1 0.689
809 1 0.625
810 1 0.68
811 1 0.597
812 1 0.605
813 1 0.637
814 1 0.608
815 1 0.714
816 1 0.71
817 1 0.679
819 1 0.711
820 1 0.697
821 1 0.678
823 1 0.7
824 1 0.695
825 1 0.679
826 1 0.704
827 1 0.697
829 1 0.677
830 1 0.689
833 1 0.705
834 1 0.59
838 1 0.621
839 1 0.68
840 1 0.683
841 1 0.697
842 1 0.697
843 1 0.692
844 1 0.681
846 1 0.628
847 1 0.608
848 1 0.621
850 1 0.705
851 1 0.617
852 1 0.691
853 1 0.615
854 1 0.604
855 1 0.712
856 1 0.699
858 1 0.704
859 1 0.706
860 1 0.597
861 1 0.602
862 1 0.61
863 1 0.615
864 1 0.594
866 1 0.631
867 1 0.632
868 1 0.607
869 1 0.725
870 1 0.611
871 1 0.61
872 1 0.701
873 1 0.668
875 1 0.684
876 1 0.699
877 1 0.682
878 1 0.703
879 1 0.608
880 1 0.617
881 1 0.615
882 1 0.632
883 1 0.611
886 1 0.602
887 1 0.702
888 1 0.688
889 1 0.632
890 1 0.637
891 1 0.68
892 1 0.607
893 1 0.595
896 1 0.589
897 1 0.613
898 1 0.612
899 1 0.64
900 1 0.609
901 1 0.608
903 1 0.695
904 1 0.606
905 1 0.609
906 1 0.611
907 1 0.625
908 1 0.596
909 1 0.614
910 1 0.707
912 1 0.687
914 1 0.607
915 1 0.582
916 1 0.633
917 1 0.613
918 1 0.634
919 1 0.598
922 1 0.588
923 1 0.684
924 1 0.607
925 1 0.599
926 1 0.653
927 1 0.68
928 1 0.613
929 1 0.609
930 1 0.661
931 1 0.688
932 1 0.655
933 1 0.627
934 1 0.594
935 1 0.611
936 1 0.599
937 1 0.609
938 1 0.556
939 1 0.688
940 1 0.624
941 1 0.704
942 1 0.623
943 1 0.673
944 1 0.679
945 1 0.688
946 1 0.687
947 1 0.693
949 1 0.588
950 1 0.611
951 1 0.634
952 1 0.606
953 1 0.588
954 1 0.592
956 1 0.694
957 1 0.593
958 1 0.683
959 1 0.705
960 1 0.641
961 1 0.61
962 1 0.639
963 1 0.703
964 1 0.631
965 1 0.609
966 1 0.708
967 1 0.693
968 1 0.716
969 1 0.669
970 1 0.726
971 1 0.581
972 1 0.697
973 1 0.702
974 1 0.704
975 1 0.698
976 1 0.704
977 1 0.613
978 1 0.686
979 1 0.703
980 1 0.705
982 1 0.661
984 1 0.686
985 1 0.677
986 1 0.6
987 1 0.627
990 1 0.608
991 1 0.595
992 1 0.694
993 1 0.674
994 1 0.707
995 1 0.708
996 1 0.697
997 1 0.71
998 1 0.671
999 1 0.69
1000 1 0.697
1001 1 0.703
1002 1 0.6
1003 1 0.704
1004 1 0.686
1005 1 0.61
1006 1 0.678
1007 1 0.708
1008 1 0.696
1009 1 0.706
1010 1 0.71
1011 1 0.676
1012 1 0.685
1013 1 0.673
1015 1 0.603
1016 1 0.598
1018 1 0.577
1019 1 0.659
1020 1 0.623
1021 1 0.679
1022 1 0.677
1023 1 0.726
1024 1 0.7
1025 1 0.689
1026 1 0.712
1027 1 0.687
1028 1 0.691
1029 1 0.628
1030 1 0.607
1031 1 0.603
1032 1 0.669
1033 1 0.682
1034 1 0.652
1035 1 0.686
1038 1 0.682
1039 1 0.693
1042 1 0.606
1043 1 0.587
1044 1 0.582
1045 1 0.607
1046 1 0.698
1047 1 0.72
1049 1 0.592
1050 1 0.594
1051 1 0.629
1052 1 0.626
1053 1 0.675
1054 1 0.695
1055 1 0.597
1056 1 0.712
1057 1 0.571
1058 1 0.583
1059 1 0.617
1060 1 0.581
1061 1 0.598
1062 1 0.608
1063 1 0.714
1064 1 0.607
1065 1 0.573
1066 1 0.577
1067 1 0.602
1068 1 0.622
1069 1 0.639
1070 1 0.686
1071 1 0.692
1073 1 0.728
1074 1 0.695
1075 1 0.611
1076 1 0.577
1077 1 0.625
1078 1 0.608
1079 1 0.616
1080 1 0.605
1081 1 0.618
1083 1 0.699
1084 1 0.6
1085 1 0.601
1086 1 0.607
1087 1 0.689
1088 1 0.604
1089 1 0.601
1090 1 0.701
1091 1 0.679
1092 1 0.613
1093 1 0.636
1094 1 0.681
1095 1 0.701
1096 1 0.595
1097 1 0.611
1098 1 0.612
1099 1 0.58
1100 1 0.607
1101 1 0.711
1103 1 0.635
1104 1 0.59
1105 1 0.604
1106 1 0.618
1107 1 0.591
1109 1 0.701
1111 1 0.705
1113 1 0.705
1114 1 0.693
1116 1 0.682
1117 1 0.695
1118 1 0.687
1119 1 0.669
1124 1 0.71
1125 1 0.676
1126 1 0.665
1127 1 0.675
1128 1 0.705
1129 1 0.71
1130 1 0.68
1131 1 0.716
1132 1 0.681
1133 1 0.707
1135 1 0.735
1136 1 0.705
1137 1 0.708
1138 1 0.643
1139 1 0.735
1140 1 0.595
1141 1 0.718
1142 1 0.668
1143 1 0.661
1144 1 0.693
1145 1 0.676
1147 1 0.694
1148 1 0.686
1149 1 0.717
1150 1 0.7
1151 1 0.696
1152 1 0.685
1154 1 0.612
1155 1 0.613
1156 1 0.64
1159 1 0.7
1160 1 0.689
1161 1 0.697
1162 1 0.62
1163 1 0.573
1164 1 0.695
1165 1 0.601
1166 1 0.68
1167 1 0.689
1168 1 0.693
1169 1 0.69
1171 1 0.677
1173 1 0.592
1174 1 0.602
1175 1 0.578
1178 1 0.607
1179 1 0.669
1180 1 0.694
1181 1 0.606
1182 1 0.577
1183 1 0.683
1184 1 0.717
1185 1 0.673
1186 1 0.684
1187 1 0.694
1189 1 0.634
1190 1 0.624
1191 1 0.582
1192 1 0.614
1193 1 0.596
1195 1 0.629
1196 1 0.604
1197 1 0.688
1198 1 0.621
1199 1 0.708
1200 1 0.597
1201 1 0.703
1202 1 0.596
1203 1 0.704
1204 1 0.695
1206 1 0.679
1207 1 0.678
1208 1 0.572
1209 1 0.61
1212 1 0.702
1213 1 0.58
1214 1 0.69
1215 1 0.695
1216 1 0.677
1217 1 0.673
1219 1 0.672
1220 1 0.694
1221 1 0.594
1222 1 0.603
1223 1 0.599
1225 1 0.702
1226 1 0.67
1227 1 0.591
1228 1 0.606
1229 1 0.689
1230 1 0.691
1231 1 0.607
1232 1 0.721
1233 1 0.687
1236 1 0.601
1237 1 0.62
1238 1 0.646
1240 1 0.595
1241 1 0.722
1242 1 0.602
1243 1 0.706
1244 1 0.621
1245 1 0.607
1246 1 0.667
1247 1 0.662
1248 1 0.705
1250 1 0.572
1251 1 0.617
1252 1 0.601
1253 1 0.595
1255 1 0.583
1256 1 0.604
1257 1 0.686
1258 1 0.691
1259 1 0.651
1260 1 0.692
1261 1 0.612
1262 1 0.682
1264 1 0.679
1265 1 0.684
1267 1 0.568
1268 1 0.607
1269 1 0.568
1270 1 0.587
1274 1 0.605
1275 1 0.7
1276 1 0.662
1277 1 0.61
1278 1 0.711
1279 1 0.618
1281 1 0.689
1283 1 0.683
1285 1 0.601
1286 1 0.616
1287 1 0.585
1288 1 0.619
1292 1 0.641
1293 1 0.594
1294 1 0.717
1295 1 0.688
1296 1 0.615
1297 1 0.607
1298 1 0.697
1299 1 0.705
1300 1 0.684
1301 1 0.683
1302 1 0.697
1304 1 0.613
1305 1 0.602
1306 1 0.616
1307 1 0.592
1308 1 0.578
1309 1 0.695
1310 1 0.693
1311 1 0.614
1312 1 0.625
1313 1 0.706
1314 1 0.706
1315 1 0.593
1316 1 0.691
1317 1 0.611
1318 1 0.697
1319 1 0.694
1320 1 0.686
1321 1 0.605
1324 1 0.604
1325 1 0.634
1329 1 0.617
1330 1 0.702
1331 1 0.713
1332 1 0.709
1333 1 0.637
1334 1 0.68
1336 1 0.705
1338 1 0.683
1339 1 0.698
1340 1 0.676
1342 1 0.608
1343 1 0.597
1348 1 0.619
1349 1 0.672
1350 1 0.696
1351 1 0.643
1352 1 0.732
1353 1 0.66
1354 1 0.729
1356 1 0.597
1357 1 0.586
1358 1 0.576
1359 1 0.599
1360 1 0.606
1363 1 0.6
1364 1 0.605
1365 1 0.59
1366 1 0.616
1367 1 0.598
1368 1 0.698
1369 1 0.708
1371 1 0.673
1373 1 0.687
1374 1 0.574
1377 1 0.618
1378 1 0.611
1384 1 0.605
1385 1 0.677
1386 1 0.606
1387 1 0.697
1388 1 0.731
1389 1 0.681
1390 1 0.711
1391 1 0.693
1392 1 0.629
1393 1 0.576
1394 1 0.615
1395 1 0.612
1396 1 0.63
1397 1 0.605
1398 1 0.606
1399 1 0.704
1400 1 0.687
1401 1 0.619
1402 1 0.694
1403 1 0.728
1404 1 0.699
1405 1 0.692
1406 1 0.692
1407 1 0.602
1408 1 0.604
1409 1 0.632
1410 1 0.595
1411 1 0.692
1412 1 0.581
1413 1 0.692
1414 1 0.717
1415 1 0.589
1416 1 0.586
1417 1 0.689
1418 1 0.696
1419 1 0.596
1420 1 0.602
1421 1 0.574
1422 1 0.615
1423 1 0.634
1424 1 0.594
1425 1 0.603
1426 1 0.629
1427 1 0.626
1428 1 0.712
1429 1 0.689
1430 1 0.705
1433 1 0.619
1434 1 0.578
1435 1 0.605
1436 1 0.623
1439 1 0.705
1440 1 0.593
1441 1 0.622
1442 1 0.589
1443 1 0.7
1444 1 0.602
1445 1 0.68
1446 1 0.701
1447 1 0.701
1448 1 0.699
1449 1 0.688
1450 1 0.617
1451 1 0.69
1452 1 0.674
1453 1 0.705
1454 1 0.698
1455 1 0.598
1456 1 0.666
1457 1 0.688
1458 1 0.693
1459 1 0.695
1460 1 0.7
1463 1 0.599
1464 1 0.599
1465 1 0.629
1466 1 0.596
1467 1 0.618
1468 1 0.59
1469 1 0.578
1470 1 0.614
1471 1 0.601
1472 1 0.57
1473 1 0.693
1474 1 0.667
1475 1 0.678
1476 1 0.681
1477 1 0.599
1478 1 0.592
1479 1 0.669
1480 1 0.694
1482 1 0.694
1483 1 0.582
1484 1 0.58
1485 1 0.621
1487 1 0.62
1488 1 0.599
1489 1 0.727
1490 1 0.717
1491 1 0.625
1492 1 0.68
1493 1 0.719
1494 1 0.692
1495 1 0.705
1496 1 0.712
1497 1 0.704
1499 1 0.597
1500 1 0.624
1501 1 0.591
1502 1 0.611
1503 1 0.626
1506 1 0.709
1507 1 0.698
1508 1 0.683
1509 1 0.692
1510 1 0.598
1511 1 0.632
1512 1 0.693
1513 1 0.579
1514 1 0.623
1515 1 0.625
1516 1 0.716
1517 1 0.724
1518 1 0.679
1519 1 0.697
1522 1 0.601
1526 1 0.691
1527 1 0.606
1528 1 0.679
1529 1 0.691
1530 1 0.683
1531 1 0.689
1532 1 0.693
1533 1 0.699
1534 1 0.684
1536 1 0.604
1537 1 0.609
1538 1 0.615
1539 1 0.596
1540 1 0.615
1541 1 0.566
1542 1 0.665
1543 1 0.598
1544 1 0.644
1545 1 0.69
1546 1 0.706
1547 1 0.612
1548 1 0.626
1549 1 0.675
1550 1 0.696
1551 1 0.61
1552 1 0.693
1553 1 0.694
1554 1 0.703
1555 1 0.684
1556 1 0.675
1557 1 0.589
1558 1 0.609
1559 1 0.694
1560 1 0.654
1561 1 0.701
1562 1 0.614
1563 1 0.681
1564 1 0.619
1565 1 0.713
1566 1 0.711
1567 1 0.707
1568 1 0.716
1569 1 0.7
1570 1 0.701
1571 1 0.708
1573 1 0.628
1574 1 0.624
1575 1 0.618
1578 1 0.626
1579 1 0.715
1580 1 0.721
1581 1 0.595
1582 1 0.602
1583 1 0.684
1584 1 0.69
1585 1 0.675
1590 1 0.6
1591 1 0.602
1592 1 0.604
1597 1 0.594
1598 1 0.611
1599 1 0.616
