0 1 0.484
1 1 0.495
2 1 0.493
3 1 0.526
4 1 0.499
5 1 0.503
6 1 0.503
7 1 0.514
8 1 0.512
9 1 0.514
10 1 0.499
11 1 0.518
12 1 0.526
13 1 0.459
16 1 0.526
18 1 0.502
19 1 0.477
20 1 0.516
22 1 0.496
23 1 0.478
24 1 0.491
25 1 0.476
26 1 0.483
27 1 0.511
29 1 0.5
30 1 0.512
31 1 0.493
32 1 0.505
33 1 0.477
34 1 0.51
35 1 0.509
36 1 0.509
39 1 0.494
40 1 0.508
41 1 0.498
42 1 0.498
43 1 0.505
44 1 0.487
45 1 0.488
46 1 0.501
49 1 0.499
50 1 0.468
51 1 0.481
52 1 0.477
53 1 0.494
54 1 0.501
55 1 0.508
57 1 0.508
58 1 0.51
59 1 0.506
60 1 0.5
61 1 0.493
62 1 0.497
63 1 0.501
64 1 0.537
65 1 0.499
66 1 0.502
67 1 0.5
68 1 0.493
69 1 0.489
70 1 0.511
71 1 0.494
72 1 0.496
73 1 0.476
74 1 0.499
75 1 0.493
76 1 0.496
77 1 0.489
78 1 0.51
79 1 0.502
80 1 0.497
81 1 0.51
82 1 0.505
83 1 0.518
84 1 0.485
85 1 0.5
86 1 0.522
87 1 0.481
88 1 0.533
91 1 0.508
92 1 0.47
93 1 0.478
94 1 0.495
95 1 0.501
96 1 0.483
97 1 0.452
98 1 0.513
100 1 0.487
101 1 0.496
102 1 0.49
103 1 0.487
105 1 0.525
106 1 0.497
107 1 0.497
108 1 0.507
109 1 0.506
110 1 0.484
111 1 0.503
112 1 0.504
113 1 0.492
114 1 0.487
115 1 0.513
116 1 0.504
117 1 0.516
123 1 0.522
124 1 0.474
125 1 0.526
126 1 0.501
127 1 0.502
128 1 0.509
129 1 0.496
130 1 0.504
131 1 0.501
132 1 0.492
133 1 0.491
134 1 0.491
136 1 0.522
137 1 0.474
138 1 0.508
139 1 0.528
140 1 0.498
141 1 0.498
142 1 0.521
143 1 0.494
144 1 0.496
145 1 0.494
146 1 0.499
147 1 0.46
149 1 0.516
150 1 0.491
151 1 0.482
152 1 0.507
153 1 0.49
157 1 0.515
158 1 0.511
159 1 0.495
160 1 0.483
161 1 0.501
162 1 0.474
163 1 0.484
164 1 0.512
165 1 0.48
167 1 0.491
168 1 0.493
169 1 0.521
170 1 0.521
171 1 0.505
172 1 0.503
175 1 0.499
176 1 0.484
177 1 0.469
178 1 0.487
179 1 0.53
180 1 0.485
181 1 0.465
182 1 0.496
183 1 0.486
186 1 0.479
187 1 0.459
188 1 0.502
189 1 0.512
190 1 0.495
191 1 0.508
193 1 0.513
194 1 0.486
195 1 0.461
196 1 0.483
197 1 0.501
198 1 0.505
199 1 0.488
200 1 0.49
201 1 0.503
204 1 0.494
205 1 0.489
206 1 0.49
207 1 0.495
209 1 0.508
210 1 0.521
211 1 0.483
212 1 0.498
213 1 0.486
214 1 0.5
215 1 0.501
216 1 0.474
218 1 0.482
219 1 0.511
220 1 0.488
221 1 0.494
222 1 0.518
224 1 0.505
225 1 0.456
226 1 0.499
227 1 0.478
228 1 0.468
229 1 0.514
230 1 0.509
234 1 0.522
235 1 0.5
236 1 0.49
237 1 0.457
238 1 0.51
239 1 0.517
240 1 0.479
243 1 0.491
244 1 0.485
245 1 0.506
246 1 0.49
247 1 0.492
248 1 0.476
250 1 0.507
251 1 0.501
252 1 0.47
253 1 0.501
254 1 0.502
255 1 0.482
256 1 0.501
257 1 0.472
258 1 0.503
260 1 0.51
262 1 0.487
263 1 0.528
264 1 0.513
265 1 0.502
266 1 0.526
267 1 0.499
269 1 0.513
271 1 0.467
272 1 0.516
273 1 0.506
274 1 0.496
275 1 0.494
276 1 0.526
279 1 0.473
280 1 0.527
281 1 0.502
282 1 0.505
283 1 0.525
289 1 0.484
290 1 0.485
291 1 0.491
292 1 0.496
293 1 0.487
294 1 0.486
295 1 0.508
296 1 0.504
297 1 0.486
298 1 0.487
299 1 0.482
300 1 0.492
301 1 0.512
302 1 0.477
303 1 0.514
304 1 0.495
305 1 0.506
306 1 0.492
307 1 0.535
308 1 0.488
309 1 0.502
310 1 0.494
311 1 0.498
312 1 0.518
313 1 0.529
316 1 0.493
317 1 0.479
318 1 0.488
319 1 0.5
320 1 0.519
321 1 0.503
322 1 0.46
323 1 0.505
324 1 0.491
325 1 0.493
326 1 0.501
327 1 0.508
330 1 0.474
331 1 0.51
332 1 0.477
333 1 0.494
334 1 0.525
335 1 0.485
336 1 0.507
337 1 0.48
338 1 0.496
339 1 0.498
341 1 0.484
342 1 0.496
343 1 0.499
344 1 0.484
345 1 0.497
346 1 0.48
348 1 0.471
349 1 0.528
350 1 0.473
351 1 0.488
352 1 0.487
353 1 0.513
354 1 0.474
355 1 0.477
356 1 0.509
357 1 0.51
361 1 0.491
362 1 0.488
363 1 0.503
364 1 0.476
366 1 0.522
367 1 0.521
368 1 0.497
369 1 0.495
370 1 0.519
371 1 0.522
372 1 0.492
373 1 0.479
374 1 0.499
375 1 0.496
376 1 0.484
377 1 0.488
378 1 0.497
379 1 0.505
380 1 0.519
381 1 0.508
382 1 0.508
385 1 0.502
386 1 0.476
387 1 0.498
388 1 0.53
389 1 0.504
390 1 0.487
391 1 0.515
392 1 0.502
396 1 0.501
398 1 0.473
399 1 0.522
